179
239
246
79
87
208
81
117
190
64
5
210
68
56
11
23
43
232
33
98
12
22
134
9
263
62
113
122
144
217
150
245
174
24
3
206
40
227
53
20
73
63
216
156
170
13
225
218
102
215
238
4
76
178
171
118
38
175
176
167
88
51
177
26
16
212
80
255
146
137
135
258
37
147
49
251
27
2
90
114
92
169
55
109
82
229
77
15
111
164
244
116
112
126
155
220
96
18
172
30
131
115
74
140
148
192
173
196
261
83
158
205
67
120
252
247
189
59
214
58
17
21
242
8
42
188
65
36
181
183
124
66
69
85
44
14
240
19
54
99
262
161
259
222
159
202
207
152
163
94
231
60
260
95
123
241
160
10
46
197
186
50
71
89
133
57
236
86
136
228
101
48
254
130
129
32
209
168
97
47
194
221
45
78
243
248
139
230
233
203
107
141
119
182
127
6
142
39
72
132
166
211
200
108
93
185
234
249
213
145
149
106
153
204
264
125
154
219
25
157
256
257
29
31
184
100
35
180
250
84
7
70
187
138
91
224
41
162
61
223
193
143
191
28
195
34
165
198
128
253
151
237
235
1
52
265
121
75
226
201