228
95
65
75
229
210
240
204
51
163
212
235
257
84
245
39
72
226
17
190
8
68
144
149
164
71
94
201
5
59
111
55
140
237
205
99
19
89
236
155
9
70
132
195
153
122
187
169
139
53
30
158
216
131
222
7
76
224
232
18
125
249
100
46
2
107
119
254
194
211
108
156
49
180
213
81
175
244
101
45
148
193
220
217
241
115
10
196
78
157
250
258
50
88
203
197
32
13
98
135
141
231
198
223
12
147
41
191
218
3
117
227
31
247
251
60
87
29
124
262
166
82
259
92
137
67
73
24
96
252
206
221
48
261
57
159
189
4
64
42
130
161
174
186
136
112
27
114
239
255
43
138
91
133
145
160
126
44
234
238
20
36
25
165
246
47
173
62
83
199
200
209
150
243
40
142
14
225
11
21
265
58
154
102
121
56
93
176
80
143
16
52
128
34
37
63
167
192
86
214
1
162
146
177
38
106
256
97
113
182
233
35
215
15
263
178
79
85
260
109
116
152
185
134
219
183
66
181
248
23
123
129
171
179
264
184
172
253
74
77
151
188
230
33
6
22
26
207
127
120
202
242
170
208
69
28
118
54
61
90
168